0 0.3205048076923077 0.5128125 0.10016826923076924 0.08012019230769231
0 0.35257211538461536 0.4517307692307692 0.08814903846153846 0.06209134615384615
0 0.46274038461538464 0.5438701923076923 0.08814903846153846 0.078125
1 0.5618990384615384 0.2664182692307692 0.08213942307692308 0.10016826923076924
0 0.6179807692307692 0.28646634615384614 0.09814903846153845 0.10817307692307693
0 0.6750721153846153 0.2363701923076923 0.07612980769230769 0.07612980769230769
0 0.48377403846153844 0.2353846153846154 0.06209134615384615 0.06610576923076923
1 0.21435096153846153 0.3405528846153846 0.13221153846153846 0.11218750000000001
1 0.5138221153846154 0.32651442307692313 0.12218749999999999 0.08814903846153846
1 0.7772355769230769 0.24740384615384617 0.09615384615384616 0.08213942307692308
1 0.9254807692307693 0.20834134615384617 0.052091346153846155 0.08814903846153846