0 0.1502403846153846 0.42567307692307693 0.07211538461538461 0.06610576923076923
0 0.31850961538461536 0.43168269230769235 0.17228365384615385 0.054086538461538464
0 0.24237980769230769 0.3515625 0.13221153846153846 0.06610576923076923
0 0.43168269230769235 0.4176682692307692 0.10617788461538462 0.058100961538461546
0 0.7602163461538461 0.3605769230769231 0.06209134615384615 0.11218750000000001
0 0.8162980769230769 0.3395432692307692 0.11819711538461539 0.10617788461538462
0 0.9375 0.5248317307692308 0.06411057692307692 0.11617788461538461
0 0.5068028846153847 0.34956730769230765 0.10016826923076924 0.058100961538461546
0 0.6079807692307692 0.4216826923076923 0.06610576923076923 0.058100961538461546
0 0.7832451923076923 0.43168269230769235 0.07211538461538461 0.05007211538461538
0 0.9695432692307692 0.42867788461538464 0.04807692307692308 0.06810096153846154